{
  "width": 1024,
  "height": 1024,
  "num_frames": 12,
  "depth_info": {
    "min_depth": 1.0667203664779663,
    "scale": 281.69330848115976,
    "reconstruction_formula": "world_depth = png_value / scale + min_depth"
  },
  "camera_info": {
    "radius": 1.5,
    "elevations": [
      0.2617993877991494,
      0.2617993877991494,
      0.2617993877991494,
      0.2617993877991494,
      0.2617993877991494,
      0.2617993877991494,
      0.2617993877991494,
      0.2617993877991494,
      0.2617993877991494,
      0.2617993877991494,
      0.2617993877991494,
      0.2617993877991494
    ],
    "azimuth_offset": -90
  },
  "frames": [
    {
      "frame_index": "0000",
      "rgb_file": "rgb/frame0000.png",
      "depth_file": "depth/frame0000.png",
      "camera_properties": {
        "projection_type": "PERSP",
        "ortho_scale": 6.0,
        "camera_angle_x": 0.8575560450553894,
        "elevation": 0.2617993877991494,
        "azimuth": -1.5707963267948966,
        "transform_matrix": [
          [
            1.0,
            -1.5848095630968816e-17,
            5.914589533937914e-17,
            8.871884631779116e-17
          ],
          [
            6.123233601181349e-17,
            0.2588190734386444,
            -0.9659258127212524,
            -1.4488887786865234
          ],
          [
            7.380385414021481e-26,
            0.9659258127212524,
            0.2588190734386444,
            0.38822856545448303
          ],
          [
            0.0,
            0.0,
            0.0,
            1.0
          ]
        ],
        "camera_position": [
          8.871884631779116e-17,
          -1.4488887786865234,
          0.38822856545448303
        ]
      }
    },
    {
      "frame_index": "0001",
      "rgb_file": "rgb/frame0001.png",
      "depth_file": "depth/frame0001.png",
      "camera_properties": {
        "projection_type": "PERSP",
        "ortho_scale": 6.0,
        "camera_angle_x": 0.8575560450553894,
        "elevation": 0.2617993877991494,
        "azimuth": -1.0471975511965976,
        "transform_matrix": [
          [
            0.8660253882408142,
            -0.12940949201583862,
            0.4829629957675934,
            0.7244443893432617
          ],
          [
            0.5000000596046448,
            0.22414377331733704,
            -0.836516261100769,
            -1.2547744512557983
          ],
          [
            5.253628643231423e-09,
            0.9659258723258972,
            0.25881895422935486,
            0.38822856545448303
          ],
          [
            0.0,
            0.0,
            0.0,
            1.0
          ]
        ],
        "camera_position": [
          0.7244443893432617,
          -1.2547744512557983,
          0.38822856545448303
        ]
      }
    },
    {
      "frame_index": "0002",
      "rgb_file": "rgb/frame0002.png",
      "depth_file": "depth/frame0002.png",
      "camera_properties": {
        "projection_type": "PERSP",
        "ortho_scale": 6.0,
        "camera_angle_x": 0.8575560450553894,
        "elevation": 0.2617993877991494,
        "azimuth": -0.5235987755982988,
        "transform_matrix": [
          [
            0.49999988079071045,
            -0.2241438627243042,
            0.8365163803100586,
            1.2547744512557983
          ],
          [
            0.8660255074501038,
            0.12940935790538788,
            -0.48296281695365906,
            -0.7244443893432617
          ],
          [
            1.0607979561427783e-07,
            0.9659258723258972,
            0.25881895422935486,
            0.38822856545448303
          ],
          [
            0.0,
            0.0,
            0.0,
            1.0
          ]
        ],
        "camera_position": [
          1.2547744512557983,
          -0.7244443893432617,
          0.38822856545448303
        ]
      }
    },
    {
      "frame_index": "0003",
      "rgb_file": "rgb/frame0003.png",
      "depth_file": "depth/frame0003.png",
      "camera_properties": {
        "projection_type": "PERSP",
        "ortho_scale": 6.0,
        "camera_angle_x": 0.8575560450553894,
        "elevation": 0.2617993877991494,
        "azimuth": 0.0,
        "transform_matrix": [
          [
            -4.371138828673793e-08,
            -0.2588190734386444,
            0.9659258127212524,
            1.4488887786865234
          ],
          [
            1.0,
            -6.087958581701969e-08,
            2.8940725371739973e-08,
            0.0
          ],
          [
            5.1314749782704894e-08,
            0.9659258127212524,
            0.2588190734386444,
            0.38822856545448303
          ],
          [
            0.0,
            0.0,
            0.0,
            1.0
          ]
        ],
        "camera_position": [
          1.4488887786865234,
          0.0,
          0.38822856545448303
        ]
      }
    },
    {
      "frame_index": "0004",
      "rgb_file": "rgb/frame0004.png",
      "depth_file": "depth/frame0004.png",
      "camera_properties": {
        "projection_type": "PERSP",
        "ortho_scale": 6.0,
        "camera_angle_x": 0.8575560450553894,
        "elevation": 0.2617993877991494,
        "azimuth": 0.5235987755982988,
        "transform_matrix": [
          [
            -0.5000000596046448,
            -0.22414369881153107,
            0.8365163207054138,
            1.2547744512557983
          ],
          [
            0.8660253882408142,
            -0.12940962612628937,
            0.4829629361629486,
            0.7244443893432617
          ],
          [
            1.5852964452278684e-07,
            0.9659258723258972,
            0.25881895422935486,
            0.38822856545448303
          ],
          [
            0.0,
            0.0,
            0.0,
            1.0
          ]
        ],
        "camera_position": [
          1.2547744512557983,
          0.7244443893432617,
          0.38822856545448303
        ]
      }
    },
    {
      "frame_index": "0005",
      "rgb_file": "rgb/frame0005.png",
      "depth_file": "depth/frame0005.png",
      "camera_properties": {
        "projection_type": "PERSP",
        "ortho_scale": 6.0,
        "camera_angle_x": 0.8575560450553894,
        "elevation": 0.2617993877991494,
        "azimuth": 1.0471975511965976,
        "transform_matrix": [
          [
            -0.8660255074501038,
            -0.12940950691699982,
            0.4829627573490143,
            0.7244443893432617
          ],
          [
            0.4999998211860657,
            -0.22414377331733704,
            0.8365164399147034,
            1.2547744512557983
          ],
          [
            -8.597849898706045e-08,
            0.9659258723258972,
            0.25881895422935486,
            0.38822856545448303
          ],
          [
            0.0,
            0.0,
            0.0,
            1.0
          ]
        ],
        "camera_position": [
          0.7244443893432617,
          1.2547744512557983,
          0.38822856545448303
        ]
      }
    },
    {
      "frame_index": "0006",
      "rgb_file": "rgb/frame0006.png",
      "depth_file": "depth/frame0006.png",
      "camera_properties": {
        "projection_type": "PERSP",
        "ortho_scale": 6.0,
        "camera_angle_x": 0.8575560450553894,
        "elevation": 0.2617993877991494,
        "azimuth": 1.5707963267948966,
        "transform_matrix": [
          [
            -1.0,
            5.8939889413522906e-08,
            1.0629960200958521e-07,
            8.871884631779116e-17
          ],
          [
            8.742277657347586e-08,
            -0.2588188350200653,
            0.9659258723258972,
            1.4488887786865234
          ],
          [
            8.444390431350257e-08,
            0.9659258723258972,
            0.2588188350200653,
            0.38822856545448303
          ],
          [
            0.0,
            0.0,
            0.0,
            1.0
          ]
        ],
        "camera_position": [
          8.871884631779116e-17,
          1.4488887786865234,
          0.38822856545448303
        ]
      }
    },
    {
      "frame_index": "0007",
      "rgb_file": "rgb/frame0007.png",
      "depth_file": "depth/frame0007.png",
      "camera_properties": {
        "projection_type": "PERSP",
        "ortho_scale": 6.0,
        "camera_angle_x": 0.8575560450553894,
        "elevation": 0.2617993877991494,
        "azimuth": 2.0943951023931953,
        "transform_matrix": [
          [
            -0.8660255074501038,
            0.12940950691699982,
            -0.4829627573490143,
            -0.7244443893432617
          ],
          [
            -0.4999998211860657,
            -0.22414377331733704,
            0.8365164399147034,
            1.2547744512557983
          ],
          [
            8.597849898706045e-08,
            0.9659258723258972,
            0.25881895422935486,
            0.38822856545448303
          ],
          [
            0.0,
            0.0,
            0.0,
            1.0
          ]
        ],
        "camera_position": [
          -0.7244443893432617,
          1.2547744512557983,
          0.38822856545448303
        ]
      }
    },
    {
      "frame_index": "0008",
      "rgb_file": "rgb/frame0008.png",
      "depth_file": "depth/frame0008.png",
      "camera_properties": {
        "projection_type": "PERSP",
        "ortho_scale": 6.0,
        "camera_angle_x": 0.8575560450553894,
        "elevation": 0.2617993877991494,
        "azimuth": 2.6179938779914944,
        "transform_matrix": [
          [
            -0.5000000596046448,
            0.22414369881153107,
            -0.8365163207054138,
            -1.2547744512557983
          ],
          [
            -0.8660253882408142,
            -0.12940962612628937,
            0.4829629361629486,
            0.7244443893432617
          ],
          [
            -1.5852964452278684e-07,
            0.9659258723258972,
            0.25881895422935486,
            0.38822856545448303
          ],
          [
            0.0,
            0.0,
            0.0,
            1.0
          ]
        ],
        "camera_position": [
          -1.2547744512557983,
          0.7244443893432617,
          0.38822856545448303
        ]
      }
    },
    {
      "frame_index": "0009",
      "rgb_file": "rgb/frame0009.png",
      "depth_file": "depth/frame0009.png",
      "camera_properties": {
        "projection_type": "PERSP",
        "ortho_scale": 6.0,
        "camera_angle_x": 0.8575560450553894,
        "elevation": 0.2617993877991494,
        "azimuth": 3.141592653589793,
        "transform_matrix": [
          [
            -4.371138828673793e-08,
            0.2588190734386444,
            -0.9659258127212524,
            -1.4488887786865234
          ],
          [
            -1.0,
            2.0984650461741694e-08,
            5.087618148991169e-08,
            1.7743769263558231e-16
          ],
          [
            3.3437341784292585e-08,
            0.9659258127212524,
            0.2588190734386444,
            0.38822856545448303
          ],
          [
            0.0,
            0.0,
            0.0,
            1.0
          ]
        ],
        "camera_position": [
          -1.4488887786865234,
          1.7743769263558231e-16,
          0.38822856545448303
        ]
      }
    },
    {
      "frame_index": "0010",
      "rgb_file": "rgb/frame0010.png",
      "depth_file": "depth/frame0010.png",
      "camera_properties": {
        "projection_type": "PERSP",
        "ortho_scale": 6.0,
        "camera_angle_x": 0.8575560450553894,
        "elevation": 0.2617993877991494,
        "azimuth": 3.6651914291880923,
        "transform_matrix": [
          [
            0.49999988079071045,
            0.2241438627243042,
            -0.8365163803100586,
            -1.2547744512557983
          ],
          [
            -0.8660255074501038,
            0.12940935790538788,
            -0.48296281695365906,
            -0.7244443893432617
          ],
          [
            -1.0607979561427783e-07,
            0.9659258723258972,
            0.25881895422935486,
            0.38822856545448303
          ],
          [
            0.0,
            0.0,
            0.0,
            1.0
          ]
        ],
        "camera_position": [
          -1.2547744512557983,
          -0.7244443893432617,
          0.38822856545448303
        ]
      }
    },
    {
      "frame_index": "0011",
      "rgb_file": "rgb/frame0011.png",
      "depth_file": "depth/frame0011.png",
      "camera_properties": {
        "projection_type": "PERSP",
        "ortho_scale": 6.0,
        "camera_angle_x": 0.8575560450553894,
        "elevation": 0.2617993877991494,
        "azimuth": 4.1887902047863905,
        "transform_matrix": [
          [
            0.8660253882408142,
            0.12940949201583862,
            -0.4829629957675934,
            -0.7244443893432617
          ],
          [
            -0.5000000596046448,
            0.22414377331733704,
            -0.836516261100769,
            -1.2547744512557983
          ],
          [
            -5.253628643231423e-09,
            0.9659258723258972,
            0.25881895422935486,
            0.38822856545448303
          ],
          [
            0.0,
            0.0,
            0.0,
            1.0
          ]
        ],
        "camera_position": [
          -0.7244443893432617,
          -1.2547744512557983,
          0.38822856545448303
        ]
      }
    }
  ]
}